Mergable,1,1,0,0,0,0,0,0,0,0,3,0,0,5,0,0,1
Mergable,1,1,0,0,0,0,0,0,0,0,7,0,0,3,0,0,5
Mergable,2,1,0,0,0,0,0,1,0,1,3,0,0,4,0,0,3
Mergable,2,1,0,0,0,0,0,0,0,1,1,0,0,2,0,0,1
Undescriptive,1,1,1,1,1,1,1,1,1,1,8,1,3,10,7,1,3
Mergable,2,1,0,0,0,0,0,0,0,0,0,0,0,0,0,0,0
MemoryBloat&&Undescriptive,1,1,1,0,0,1,0,4,0,3,33,8,0,57,30,0,100
MessyConditionals,1,1,1,0,0,2,0,6,0,0,29,9,0,14,21,0,43
MessyConditionals,1,1,3,0,0,0,0,2,3,0,13,0,0,5,23,0,11
MemoryBloat,1,1,0,2,0,0,0,1,0,6,4,10,0,1,4,0,17
Undescriptive,1,1,0,0,0,0,0,3,0,1,7,2,0,7,2,0,3
MemoryBloat&&MessyConditionals,1,1,0,0,0,0,0,1,0,1,3,6,0,3,11,0,14
MemoryBloat,1,1,0,0,0,0,0,1,0,0,3,5,0,0,0,0,14
Mergable,1,1,0,3,0,0,3,0,0,1,5,0,0,0,0,0,39
Mergable,1,1,0,1,0,0,1,0,0,0,6,1,0,0,0,0,22
MessyConditionals&&Undescriptive,1,1,0,0,0,0,8,0,0,0,12,1,0,15,8,0,48
StringOverload,1,1,0,0,0,0,8,1,0,2,3,0,0,0,0,0,10
Undescriptive,1,1,0,0,0,0,0,2,0,0,4,0,0,13,0,0,11
Mergable,1,1,0,1,0,0,4,2,0,1,8,1,0,0,0,0,18
MessyConditionals&&Undescriptive,1,1,0,1,0,1,0,1,0,0,15,0,0,7,8,0,29
Mergable,1,1,0,0,0,5,0,2,0,0,5,0,0,5,5,0,11
Undescriptive,1,1,0,0,0,3,2,2,0,1,10,0,0,21,3,0,21
MessyConditionals,1,1,0,0,0,0,2,1,0,0,3,0,0,1,13,0,6
MemoryBloat,1,1,1,0,0,0,1,1,1,2,3,12,0,5,0,0,20
Mergable,1,1,0,0,0,0,3,1,0,0,2,2,0,4,4,0,15
MemoryBloat,1,1,0,0,0,9,2,2,0,0,7,0,0,4,0,0,22
Mergable,1,1,0,3,0,0,0,1,0,1,11,0,2,0,4,0,19
Mergable,1,1,0,3,0,0,0,1,0,1,10,2,2,0,4,0,18
MemoryBloat,1,1,0,1,0,8,2,2,0,0,9,0,0,4,0,0,23
Mergable,1,1,0,0,0,1,2,1,0,1,5,0,3,4,1,0,8
Undescriptive,1,1,0,0,0,1,7,1,0,0,6,1,0,12,0,0,21
MessyConditionals,1,1,0,0,0,0,3,2,0,0,7,0,0,8,15,0,16
MemoryBloat&&Undescriptive,1,1,0,0,0,1,0,1,0,9,8,1,0,8,0,0,10
Mergable,1,1,0,0,0,0,3,1,0,2,5,0,0,0,3,0,16
Mergable,1,1,0,1,0,0,0,2,0,2,6,4,0,4,2,0,27
Mergable,1,1,0,0,0,0,0,1,0,0,6,3,0,0,2,0,24
Mergable,1,1,2,0,0,3,4,1,0,7,2,2,0,3,0,0,11
MemoryBloat&&MessyConditionals,1,1,0,0,0,0,0,1,0,0,4,9,0,5,9,0,26
Undescriptive,1,1,0,0,0,1,7,2,0,5,11,0,0,10,0,0,38
Mergable,1,1,1,0,0,0,3,1,1,1,10,2,0,0,2,0,9
Undescriptive,1,1,0,0,0,0,3,1,0,4,8,5,0,20,2,0,14
Mergable,1,1,0,0,0,1,0,1,4,0,5,1,0,4,2,0,8
Mergable,1,1,0,0,0,0,3,1,0,2,9,1,0,0,5,0,17
Mergable,1,1,0,0,0,0,0,1,0,1,5,3,0,0,0,0,12
Mergable,1,1,4,0,0,0,0,1,4,2,2,0,0,3,2,0,11
MessyConditionals,1,1,0,0,0,0,5,2,1,0,7,0,0,0,6,0,11
MemoryBloat,1,1,0,1,0,1,4,2,0,3,5,7,1,0,1,0,26
Mergable,1,1,0,0,0,1,1,1,0,0,9,1,1,4,0,0,24
MessyConditionals,1,1,0,5,0,0,2,2,0,0,4,1,0,1,8,0,27
MessyConditionals,1,1,0,0,0,1,0,2,0,0,5,0,0,4,6,0,7
MemoryBloat,1,1,0,1,1,0,5,2,0,0,6,6,0,0,0,0,24
Mergable,1,1,2,2,0,0,1,3,0,0,6,0,0,1,0,0,20
MemoryBloat,1,1,0,0,0,0,0,1,0,2,5,10,0,7,0,0,26
MessyConditionals,1,1,0,0,0,0,0,1,0,0,4,1,0,1,10,0,11
Mergable,1,1,0,1,0,0,0,1,0,0,4,1,0,0,2,0,10
MemoryBloat&&MessyConditionals,1,1,0,0,0,0,2,0,0,0,3,11,0,4,11,0,16
MessyConditionals,1,1,0,0,0,0,7,0,0,0,13,1,0,0,8,0,17
Mergable,1,1,0,0,0,0,4,1,0,0,3,3,0,1,3,0,7
Mergable,1,1,0,2,0,0,0,1,0,0,6,1,0,3,1,0,16
Mergable,1,1,0,0,0,0,0,1,0,0,3,2,0,0,0,0,20
MemoryBloat,1,1,0,0,0,0,0,1,0,0,5,20,0,3,0,0,33
StringOverload,1,1,0,0,0,2,20,1,0,0,3,3,1,4,0,0,17
StringOverload,1,1,0,0,0,2,18,1,0,0,3,3,1,4,0,0,17
Mergable,1,1,0,1,0,0,0,2,0,0,4,0,0,1,1,0,13
StringOverload,1,1,0,0,0,1,15,1,0,0,3,3,0,1,2,0,17
MemoryBloat,1,1,0,0,0,0,2,1,0,0,8,16,0,2,1,0,22
Mergable,1,1,0,2,0,0,0,1,0,0,2,1,0,1,0,0,14
MemoryBloat&&Undescriptive,1,1,0,0,0,10,0,1,0,9,2,19,0,17,0,0,42
MemoryBloat,1,1,0,0,0,0,0,1,0,0,5,16,0,1,1,0,14
Mergable,1,1,0,1,0,0,0,1,0,0,5,3,0,0,0,0,22
MemoryBloat&&Undescriptive,1,1,0,0,0,0,1,1,0,1,6,19,0,23,4,0,23
Mergable,1,1,0,0,0,0,0,1,0,0,6,3,0,0,3,0,14
Undescriptive,1,1,0,0,0,0,0,1,0,0,3,5,0,12,1,0,21
Mergable,1,1,0,0,0,0,0,1,0,0,3,2,0,0,0,1,6
Undescriptive,1,1,0,0,0,1,0,1,0,0,2,0,0,19,0,0,9
Undescriptive,1,1,0,0,0,0,3,1,0,1,5,5,0,16,1,0,21
Mergable,1,1,0,0,0,0,3,1,0,2,2,1,0,3,2,0,20
Undescriptive,1,1,0,1,0,0,0,1,0,0,9,3,0,22,0,0,14
Undescriptive,1,1,1,0,0,0,8,2,0,0,10,2,0,9,7,0,18
Undescriptive,1,1,1,0,0,0,0,1,0,1,1,2,0,14,6,0,8
MessyConditionals,1,1,0,0,0,0,0,1,0,0,2,1,0,1,12,0,6
MessyConditionals,1,1,0,0,0,0,0,1,0,1,15,2,0,2,12,0,20
Mergable,1,1,0,0,0,0,0,1,0,1,4,1,0,3,0,0,4
Mergable,1,1,0,0,0,0,2,1,0,1,6,1,0,1,0,0,19
MessyConditionals,1,1,0,0,0,0,2,1,0,0,2,0,0,1,10,0,17
Mergable,1,1,0,0,0,0,0,0,0,1,10,1,2,4,0,0,27
MessyConditionals,1,1,0,0,0,0,0,1,0,1,2,0,0,1,16,0,3
Undescriptive,1,1,1,0,0,1,1,1,0,4,6,2,0,34,1,0,13
Mergable,1,1,0,0,0,0,0,1,0,0,2,4,0,2,0,0,11
MessyConditionals,1,1,0,0,0,0,0,1,0,0,2,0,0,1,8,0,4
Mergable,1,1,0,0,0,0,0,1,0,0,2,1,0,2,1,0,13
Mergable,1,1,0,0,0,0,0,0,0,0,0,0,0,0,0,0,0
Mergable,1,1,0,0,0,0,3,1,0,0,11,1,0,5,1,0,19
MessyConditionals,1,1,0,0,0,0,2,1,0,0,2,3,0,1,25,0,15
Undescriptive,1,1,0,0,0,0,3,1,0,0,4,0,0,10,0,0,16
MemoryBloat,1,1,0,2,0,0,0,1,0,0,2,10,0,1,0,0,19
MessyConditionals,1,1,0,0,0,0,1,1,0,1,2,3,0,1,15,0,10
Undescriptive,1,1,0,0,0,1,0,1,0,2,7,2,1,13,0,0,22
MessyConditionals,1,1,0,0,0,1,0,3,0,0,5,0,0,5,8,0,15
MessyConditionals,1,1,1,0,0,0,2,2,0,0,8,2,0,2,6,0,14
